id	A1_710250710	A1_710250712	A1_710250713	A1_710250715	A2_710250710	A2_710250712	A2_710250713	A2_710250715	mean_ctrl	mean_exp	statistic	pvalue
ACM1_421_433	6.957558993963597	7.3371928921999805	6.541412731383383	6.3195262836216415	4.760374689365532	7.473612160260476	6.53981582829177	6.760307959008311	6.788922725292151	6.383527659231523	0.6547769575318502	0.5492377197015443
ACM1_444_456	6.719288341930669	7.112326005765436	6.53163587501209	6.423304491367616	4.569898815008913	7.390489225865013	6.847147694378234	7.016378390816638	6.696638678518953	6.455978531517199	0.36654486645051654	0.7359910692945013
ACM4_456_468	6.6448077812310355	7.020023107401256	6.2107524100459495	5.8719573449944225	4.515521322875965	6.916535967920798	6.396431917985371	6.309302893590538	6.436885160918166	6.034448025593168	0.6931229692274173	0.5238190063935254
ACM5_494_506	9.803335360063716	12.196116170334399	11.392347283145014	10.674924018950943	6.898127628056618	13.22091705659357	11.06079291040071	11.621101560173	11.016680708123518	10.700234788805975	0.21964003710559957	0.8373237370896627
ACM5_498_510	7.749168582211496	9.278443608843844	8.805877945161054	8.106958641760412	5.474032001233708	9.545165659505042	8.540037122869501	8.72183877254115	8.485112194494201	8.07026838903735	0.4337267233368444	0.6875651749662436
ADDB_696_708	6.708861350503484	7.745867072845685	7.004047319720445	6.52369873030564	4.610246640315317	7.384227390449029	7.032941674498052	6.934887393833845	6.995618618343814	6.490575774774061	0.7331980686525769	0.503663670517043
ADDB_706_718	7.96619422623082	9.335308412721444	8.72594649265438	8.108068485555656	5.669810096826358	9.288162849897928	8.477686252862446	8.747164606814415	8.533879404290575	8.045705951600286	0.5621351020158094	0.6048908435042315
ADRB2_338_350	124.11229511085436	191.28685030491272	150.70535695467115	122.19991324835743	103.63400032330776	137.06492076846368	121.25694689890335	123.35477846536695	147.07610390469893	121.32766161401044	1.4705866258465254	0.21444361611069615
AKT1_301_313	6.206331061059601	6.656293409936424	6.25742307330291	5.657225416663614	4.28436940565438	6.327715249998617	5.783164082290488	5.689389141659766	6.194318240240637	5.521159469900812	1.3977842775364264	0.23042426612456196
ANDR_785_797	20.265634573102794	25.011019808838725	23.397601538283936	26.867889640804112	16.602608935412	19.713225974472632	19.350649892296282	21.455574177005097	23.885536390257393	19.280514744796502	2.673712950384152	0.04055930412318737
ANXA1_209_221	14.064888667873406	16.304158629229377	13.522129605930596	15.779755073627646	10.75913262719801	13.194240375017921	12.456873569050172	13.250731318174957	14.917732994165256	12.415244472360264	2.829037126445414	0.030614731969166527
ART_025_CXGLRRWSLGGLRRWSL	196.6314912425527	324.9531656901032	229.13235583408263	223.02841823221104	155.1381528566213	213.66558047507337	193.88497419837557	197.32866772987887	243.4363577497374	190.0043438149873	1.741141349469999	0.15441650429101378
ATF2_47_59	7.357058860986778	7.169118965838061	6.403568044227868	6.411753124547661	4.839017046043726	6.803583869274852	6.295469177017745	6.445507679566671	6.835374748900092	6.095894442975748	1.4809175971106794	0.2010343607190265
ATM_1972_1984	5.724908503538022	6.047350906760818	5.1210781690718905	5.051423941876779	3.7994930668988434	5.649518209919886	5.176310226791122	5.2421420253833135	5.486190380311878	4.966865882248292	1.1066516947348932	0.3198220946449881
BAD_112_124	36.929052918687496	55.507097620431495	33.50345854467839	43.32570761417769	24.886229995735782	37.39779719630179	30.27443602504364	30.8759752331667	42.31632917449377	30.858609612561978	2.090500761103036	0.09627816897894996
BAD_69_81	9.3056051994037	10.725184516899951	9.451755948443049	10.322568220950354	6.432746643903682	9.779301704367327	9.391652811153376	9.12656495015973	9.951278471424263	8.682566527396029	1.5193284413146904	0.2005855918045755
BAD_93_105	9.518304430310703	10.421539495574502	9.950826154552898	9.83660818671195	6.400511606564053	10.243958288859115	9.913194967297427	9.512453731317352	9.931819566787514	9.017529648509488	1.0106753011217047	0.38104991189317017
BCKD_45_57	7.454647164112876	7.604807257163805	6.6864368446196565	6.375726294436816	4.902665677012	7.224386018460486	6.831608155014551	6.784397687288448	7.030404390083288	6.435764384443871	0.9925162033714601	0.3686425548338355
BRCA1_1451_1463	5.834160807976723	6.233337432246956	5.566262218503208	5.252098458645362	3.9586702513648113	5.856687336793762	5.55895014996838	5.461354509683596	5.721464729343062	5.2089155619526375	1.0829420960485208	0.3350761997129896
C1R_201_213	6.041760487966778	6.634857944343774	5.862919438911092	5.4636803685971	4.055758046908491	6.14727916544228	5.82277650491621	5.675004517014765	6.000804559954686	5.425204558570437	1.0929242975517053	0.3292420991001524
CA2D1_494_506	6.418626174641319	7.204392772126119	6.846572654421013	6.433141405604086	4.520655950250303	6.935481588151942	6.63553987194165	6.545214093179597	6.725683251698134	6.159222875880873	0.9706406446418223	0.3910409127652492
CAC1C_1974_1986	156.00215994196878	214.3362571661421	170.1829192895686	168.2930697434244	123.16407207664608	165.68563820818346	155.43366751911	153.1952786891585	177.20360153527596	149.3696641232745	1.771815987118393	0.13190280946769956
CD27_212_224	6.890955863992056	7.7499494880528115	7.434853800303497	6.723509658876004	4.816368248465647	7.553477806690741	7.099087910709079	7.273296753777849	7.199817202806092	6.685557679910829	0.7635260240312945	0.4893624153046386
CDC2_154_169	6.459410609821801	7.059275014290473	6.753238211080774	5.975525475941556	4.439010783225567	6.679711118093595	6.351989207836091	6.317615458061827	6.5618623277836505	5.94708164180427	1.0996650843461102	0.33072728828283965
CDK7_163_175	8.344645719190101	7.592416852675466	7.347027215731677	6.980144278497257	5.254362212683503	7.8148172685387784	7.238995553252333	7.102938847938547	7.566058516523626	6.85277847060329	1.1409000722258724	0.3108292132513364
CDN1A_139_151	146.4620071520911	219.434775812163	183.980370391187	190.2932778776978	151.34513053619597	171.52379844171577	157.57746634723495	171.1151158175021	185.0426078082847	162.8903777856622	1.4001706291232596	0.24014604410802728
CDN1B_151_163	6.22556929364894	6.7232834547359905	5.761859976032631	5.639367925065236	4.264259023036042	6.197994255964375	5.560565845863968	5.668916858242903	6.0875201623707	5.4229339957768214	1.3875579907807885	0.2248757270883373
CENPA_1_14	24.855245343168775	28.927925070445472	22.74589549040345	27.878790228290065	17.899471109656293	22.133505190032576	20.75758688984639	23.290568862988522	26.10196403307694	21.020283013130946	2.777711064690092	0.03335703109299223
CFTR_730_742	168.52161742285904	305.15348307291663	218.4756206265456	219.7201906931486	126.03376584871063	193.43398894165915	174.65891622639384	185.67346893969238	227.96772795386747	169.950034989114	1.8049091203790812	0.13625405451026065
CGHB_109_121	54.16097532863957	61.66290140483302	47.78073346837847	47.23933689016171	38.206579589300155	50.623109872893885	49.33568292859412	45.164702553598815	52.71098677300319	45.832518736096745	1.5701003782635856	0.16912889586442173
COF1_17_29	8.684134461079912	9.08951504583476	7.143962791465982	7.992463960550743	5.3510869248929	7.225679351029156	6.89115994927634	6.769747666277902	8.22751906473285	6.5594184728690745	2.806557974685103	0.03092358143658377
CREB1_126_138	120.64074758106695	173.6842150791085	143.41097868775327	147.1079228902035	94.3015282922212	116.3257784663883	104.9425034143935	118.31731884050589	146.21096605953306	108.47178225337723	3.0907364300441116	0.03147176490697574
CSF1R_701_713	114.49257541800166	153.50963740726166	125.36659706786112	156.3493841157542	102.21360932034945	102.9240699672302	104.93417345629578	106.43609593602902	137.42954850221966	104.1269871699761	3.200541627435131	0.0481512601916716
CSK21_355_367	8.107467573890704	7.641721986777086	6.5614471326808	6.763868022343076	4.584356616869892	6.650336986808836	6.012430067009713	6.051790812043992	7.268626178922917	5.824728620683108	2.5312457929252536	0.04588210636556983
DCX_49_61	6.525278296335573	7.164091684167123	6.458200776511156	6.172080432287669	4.352911756995648	6.721182722087932	6.3322005850436565	6.489799099896188	6.57991279732538	5.974023541005856	1.03580190663785	0.36074298818120576
DESP_2842_2854	164.33002587188093	229.24494681598475	186.7435241260117	198.90551099159765	116.6737688774843	148.12960837384827	142.19858205232677	163.14540857548374	194.80600195136876	142.53684196978577	3.14166464247892	0.022877312224110533
E1A_ADE05_212_224	65.00451693865317	92.18684846886036	75.76157095043231	89.73157421415338	54.220826856299624	61.37399547528652	54.1702811837345	70.06376035043884	80.6711276430248	59.957215966439875	2.804144051311704	0.038843179688897764
ELK1_356_368	5.612388894920274	6.147118340578391	5.603147267828062	5.278528933556517	3.81642380182106	5.759930833401628	5.437105241018077	5.386729248742814	5.6602958592208115	5.100047281245895	1.1883404564882185	0.3005309354104908
ELK1_410_422	5.720563218786019	6.08202065882912	5.506465201664153	5.150184360859588	3.8391201584049925	5.792311105162364	5.292554911415183	5.2549939871726314	5.61480836003472	5.044745040538793	1.2306027011991318	0.28237729634185676
EPB42_241_253	178.58665016229196	327.7731933593734	221.06433895852066	226.3805616639504	124.07255918111763	191.05872108953446	174.50200010889716	185.7537679329193	238.4511860360341	168.84676207811714	1.9802215586953003	0.11331828022253838
ERBB2_679_691	14.820319616962388	17.539239832791257	17.67059754059538	16.806740503057963	12.232418305644938	18.017777673152857	17.93111861429601	19.5034221157806	16.70922437335175	16.921184177218603	-0.12226370870760483	0.908613462761036
ERF_519_531	6.389622081904082	7.009693747214118	6.323362058567834	6.029228676667342	4.369103580368142	6.420767977979763	6.140989025285193	6.019539957269082	6.437976641088344	5.737600135225545	1.3799520407955195	0.23745209020350183
ESR1_160_172	26.180625949508265	33.63094431097114	30.216971884856076	33.271417622895	23.47360071412991	25.294341453825425	23.63637356237357	26.56212200176358	30.82498994205762	24.74160943302312	3.242170167765249	0.031079954300237616
F263_454_466	446.01289876302326	611.5426432291665	574.6509602864597	566.1187337239598	359.3205566406267	517.0481770833331	493.46142578125	525.79577636719	549.5813090006524	473.90648396809996	1.431534294358966	0.20252543193769232
FIBA_569_581	6.575066387557782	7.169226302026795	6.324387193384508	6.107820863925949	4.4100322101538	6.708112916822389	6.0101424991479195	6.204469888409514	6.544125186723758	5.833189378633406	1.2997222468986838	0.26011610790083095
FOXO3_25_37	8.245408212269945	10.584105443555208	10.964463409798988	9.792209023781988	6.191104669399325	10.839585253118983	10.009787685408568	10.306815856411646	9.896546522351532	9.33682336608463	0.45831329032798784	0.66694179718155
FRAP_2443_2455	11.555649548572553	23.29512714825696	16.619173749593752	22.451430004887253	7.604725194618737	12.958782442746347	13.516459582091105	14.10668244897927	18.480345112827628	12.046662417108866	2.057494861251136	0.09904412109614479
FRAP_2475_2487	5.707449260081659	6.142858220149173	5.283799723807495	5.198527151434354	3.7171243341045965	5.641958538784651	5.050236943739526	5.112548013942343	5.58315858886817	4.8804669576427795	1.5148215878951754	0.19572412315137716
GBRB2_427_439	373.1848958333333	528.1271565755235	451.9476725260399	442.12084960937335	232.87228898521843	390.01216634114667	374.2939046223966	403.6617838541666	448.8451436360675	350.21003595073205	1.9451960322515243	0.10201046704836332
GPR6_349_361	16.93316830761315	20.95746387595195	17.265546523120896	22.521311340114643	10.759765620922295	13.167521826239298	12.835109883996019	13.624654809655139	19.41937251170016	12.596763035203187	4.4969342601915665	0.00962551249147316
GPSM2_394_406	118.2512688417315	202.14413342373015	149.69259314228344	180.04635422521397	103.05099372384937	125.91889908922289	104.17340158119381	121.28938682907315	162.53358740823978	113.6081703058348	2.5514159453947833	0.06984335087970685
GRIK2_708_720	307.5423177083333	469.01713053385333	395.67928059895996	375.43001302083337	226.85694676680515	362.1362711588566	329.8139648437499	361.5719807942733	386.917185465495	320.0947908909212	1.4488683322206901	0.1976149905751084
GSUB_61_73	7.257606816253581	8.126997398051598	7.3749011264177895	7.056552648416884	4.783167492614885	7.459119381166361	6.76281711232444	7.043901993632425	7.454014497284963	6.512251494934528	1.4756773749994658	0.21568925064639577
GYS2_1_13	7.290827687445467	10.804342697037544	10.738883636436555	10.911864269317078	5.45575811976358	9.366672759852102	8.966610329303652	9.656411944874765	9.936479572559161	8.3613632884485245	1.1951074885881765	0.27759187856866885
H2B1B_ 27_40	13.150565913499587	23.38947041829436	16.481758173404568	18.621050238120887	10.44279739458719	15.782106569100852	14.013497986514025	13.769733209438392	17.91071118582985	13.502033789910115	1.8238918152296997	0.13411250269255445
H32_3_18	7.869988550715912	8.217265051782785	7.883952060783053	7.391620058990435	5.765841834922736	8.176647074142284	7.989516022582121	8.230069562625536	7.840706430568046	7.540518623568169	0.4860414901253644	0.6558695756329227
IF4E_203_215	5.906725626758103	6.534593013652651	5.972929702560347	5.60364342721286	4.283998059521338	6.213455906998301	5.947187167150171	5.730485521619304	6.00447294254599	5.543781663822278	0.9738674734327942	0.3832018148462129
IKBA_26_38	5.569604409817762	5.847891653452711	5.307210609956623	4.981788832343205	3.800087196653198	5.612154736528212	5.243870561016292	5.094599291748605	5.426623876392576	4.937677946486577	1.1223448248854169	0.3209991478625246
IKKB_173_185_C179A	6.265655539325907	6.939743396752916	5.272396807362219	5.461773618028355	4.092450549507787	5.87989873595572	5.1136511295168425	5.397695494148367	5.984892340367349	5.120923977282179	1.6038127908829176	0.15989198408812896
IKKB_686_698	4.9455945442943205	5.570527084027085	4.737938604145868	4.694309023257871	3.4534121366739003	5.1843631118456415	4.580914195455081	4.687999013781487	4.987092313931286	4.476672114439028	1.2220797334040545	0.27967219703883517
K6PL_766_778	5.579147817318451	6.324825227738447	5.342350265038066	5.303715162007082	3.8150028654880286	5.768968231130496	5.231999108949797	5.446393532058929	5.637509618025511	5.065590934406813	1.1622380956261738	0.30116615174151173
KAP2_92_104	117.50221118368385	156.52148964422238	113.7798604286866	118.31384449723394	93.89138723716576	116.2918655203975	100.34642182034928	99.98558076355764	126.5293514384567	102.62881383536754	2.1475737142335953	0.09350730642229127
KAP3_107_119	212.53041834110815	346.7134602864601	233.7117366653553	221.63467297451135	167.1473511620395	233.6222986454589	219.96819409706598	216.7474409144562	253.64757206685871	209.37132120475513	1.282076875981528	0.2654910772416458
KAPCG_192_206	6.570822784570638	7.1136287945425165	6.034166860385049	5.993221694128028	4.345367938635841	6.613471866609713	6.015934517182655	6.108634163091766	6.427960033406558	5.770852121379994	1.1753454460805488	0.29723273013664875
KCC2G_278_289	7.861035739634317	9.567665229225124	8.012101520515909	8.218193759642979	5.888400110611403	8.88566039952071	7.253562667631927	7.766177628865627	8.414749062254582	7.448450201657416	1.3154906190666327	0.2448621726712174
KCNA1_438_450	34.89757075837318	45.08883030325808	29.264319586537255	37.81901387456445	21.904816399660433	27.11901274802917	20.990180299134774	26.290483856337186	36.76743363068324	24.07612332579039	3.491573127631545	0.02273664447003912
KCNA2_442_454	17.497275322065207	25.160105498827274	20.115649219419794	28.384273535169395	13.086176862908665	14.789115772556547	13.094622434109432	16.761623258198227	22.78932589387042	14.432884581943219	3.2117821770126427	0.03566637565907134
KCNA3_461_473	14.689092399941142	22.429902509468203	16.142650084340048	23.602771530001895	9.532109348739555	12.722521949277393	11.056469918486698	13.699955071524546	19.216104130937822	11.752764072007048	3.0976612292739376	0.03637386492717239
KCNA6_504_516	331.5096028645834	461.79402669270667	440.66162109374983	413.00317382812653	229.45156618845587	388.96911621093665	355.9342041015632	399.3998209635432	411.74210611979163	343.43867686612475	1.4106376624472274	0.21241884623419563
KCNB1_489_501	6.032288652423773	6.6298450936868445	5.814367562420922	5.741904247344426	4.072222773709778	6.205239641715259	5.602282487579407	5.5908588699620845	6.054601388968991	5.367650943241632	1.3804836197654489	0.23741439500275405
KIF11_919_931	5.7536106337291315	6.221713809773345	5.694134180587855	5.395778205418948	3.952990143349661	5.8318784840493985	5.3892927321014845	5.337898053227529	5.7663092073773194	5.128014853182018	1.445921387948393	0.22131203424940094
KIF2C_105_118_S106G	26.086817083693436	32.1234405805737	30.233911799382053	34.113764700523554	23.061258757452062	26.329869849189524	25.587225950191183	28.92984951283663	30.639483541043184	25.97705101741735	2.2256521311527684	0.07267547998827428
KPB1_1011_1023	158.7170963424577	293.11824544270985	183.90382835333332	200.02015521371965	119.04412069280781	175.37087244267113	157.12616625449664	163.9287877803225	208.93983133805511	153.8674867925745	1.734214288096426	0.15773893470265554
KPCB_19_31_A25S	11.566425169212986	21.620139242471662	16.578045500975	20.62465204768664	8.579590005499155	14.595725347157709	13.567103127840275	14.120176017974638	17.597315490086572	12.715648624617945	1.8224801835163684	0.1284679972949834
KPCB_626_639	6.144949845912609	6.458675237044334	5.744900775299812	5.533131180611517	4.107349688667427	6.194205513319916	5.751007154836131	5.6038021357455	5.970414259717068	5.414091123142244	1.1170132847625234	0.3238843460506552
KS6A1_374_386	5.876935249680663	6.576351631309998	6.288283153202952	5.970442948102659	4.145932654104363	6.391717052748556	6.296055842524834	6.214233341349581	6.178003245574068	5.7619847226818335	0.7390398718274295	0.506125175450459
LIPS_944_956	149.55653611876164	203.79684338466748	157.51624018168314	177.43987510187196	136.22113322525578	138.40990025362527	125.41424726542076	153.29619307483688	172.07737369674606	138.33536845478466	2.5212019075541403	0.06116424409049635
LMNA_192_204	5.923655495167042	6.250626211134097	5.3963496107777384	5.372552193105275	4.16308053725335	5.785621679765797	5.298162634649244	5.435339868716456	5.735795877546038	5.170551180096211	1.3752349932965342	0.22800553797354503
LMNB1_16_28	6.051126433548692	6.740899764767258	5.805352794620719	5.89110860683565	4.160510435772098	6.48704199193741	6.202317442249206	6.72881084301458	6.12212189994308	5.894670178243324	0.36381457426346464	0.7354726273590149
MARCS_152_164	7.045578072250764	7.884317967251584	7.096364680361086	6.665543983523352	4.723254227073312	7.473260656262	6.918870759736654	7.09413600006186	7.172951175846697	6.5523804107834565	0.9244820218671028	0.40766491554224915
MARCS_160_172	8.485158764315695	8.19236437989369	7.183873862819244	7.193057252063965	4.915876531609453	7.834262325273952	6.760002968083217	6.96787142893773	7.763613564773149	6.619503313476088	1.633724933788712	0.16746328043762046
MBP_222_234	6.69401255882341	7.35979498505232	6.721070594590506	6.886968399610571	4.383028808898217	6.853384377122578	6.160037451369785	6.4566075854944565	6.915461634519201	5.963264555721259	1.6796279691691696	0.1789941787233532
MK10_214_226	5.533557794660291	6.080023150679344	5.299610626584978	5.214287119542095	3.716190949791197	5.654280032700406	5.127084182584314	5.132016238863831	5.531869672866677	4.907392850984937	1.3598092744887649	0.241478659718914
MP2K1_281_293	5.594570629528325	6.344015664135138	5.375205653843219	5.271561506235007	3.803029114563318	5.8354506962400885	5.322138866680771	5.290309262407383	5.646338363435422	5.06273198497289	1.1659633137338556	0.2996321341319062
MP2K1_287_299	6.743053190937102	7.706251602811706	7.6334711778573805	7.601647169560687	4.713814525240657	7.761171941385114	7.015308837510041	7.345346986005052	7.421105785291719	6.708910572535216	0.9903905600458474	0.382910633380993
MPH6_140_152	5.67107891284611	6.123206790534648	5.339727285178872	5.284046338242942	3.8437025538107656	5.845445370262111	5.311636584424815	5.217255886450992	5.6045148317006435	5.054510098737171	1.174725459050962	0.30269910946244316
MPIP1_172_184	33.65237090754559	44.76544869071392	39.826632713264864	44.18413655022646	27.687547915805467	33.41425315738691	33.082273224002094	35.483790520145256	40.607147215437706	32.41696620433493	2.677587233394473	0.04271599773216286
MPIP3_208_220	5.964495084087381	6.272805615412715	5.864929586601162	5.485190183067633	4.037945454969734	6.060695734504882	5.660186081163694	5.632787333736015	5.896855117292223	5.347903651093581	1.1532103404064062	0.31654821903673697
MYBB_513_525	5.795343705895493	6.00170684221826	5.456790495233149	5.554787172813291	4.0128483013654055	6.059916991208851	5.29649608291961	5.368505157465263	5.702157054040049	5.184441633239782	1.1659695169566677	0.3170448536941472
MYC_51_63	5.381650715699991	5.86645134294309	5.069691926978946	4.98873548781237	3.7232700553824682	5.381905514098477	4.8859361709385425	4.978887469972846	5.326632368358599	4.742499802598084	1.431275396527119	0.21529624063814246
MYPC3_268_280	349.38806152343994	533.2075602213534	459.80387369791674	459.7338460286466	227.56402939172145	396.1404622395832	380.53247070312324	395.3497721354165	450.5333353678392	349.8966836174611	1.8039924709608344	0.12157145451479817
NCF1_296_308	204.851013622696	305.38183593749994	218.62683325019717	230.20600199527897	163.10163407360042	198.36136237494418	179.4594770472688	208.6644190506972	239.766421201418	187.39672313662766	2.124958122757365	0.09803660407489594
NCF1_321_333	116.38147840938828	191.56227298434737	158.10309979555453	172.9053840911645	94.28568219939055	129.02708621676874	120.82282375192047	135.94357870637094	159.73805882011368	120.01979271861268	2.157674115871366	0.08614655433784502
NEK2_172_184	6.330590418522187	6.999546868606165	6.626271254490061	6.484069462661837	4.3009831088548856	6.5780222403605935	6.366821579939108	6.498176474123538	6.610119501070063	5.936000850819531	1.1927626702972387	0.3093100454183391
NEK3_158_170	7.353572647690077	8.127588640108021	7.265985209908307	7.380347343810471	5.025733597070895	7.660361887532379	6.868032648795736	6.856854696866776	7.531873460379219	6.602745707566447	1.5666394911528279	0.19677791565653696
NFKB1_330_342	74.72981855959094	92.42660554383092	64.90148758867015	83.66711879075825	51.213061559865054	59.36684991730192	49.11591455597909	61.199764779772394	78.93125762071256	55.22389770322961	3.583162832154667	0.019441371926152584
NMDZ1_890_902	179.10974823656738	317.62365722656335	225.48934299825805	228.6045448797212	159.13667264430634	198.89635791366902	183.28714582045296	197.8506847354151	237.7068233352775	184.79271527846086	1.7411893700749124	0.16434665449020938
NOS3_1171_1183	23.5528993536907	48.7089394576704	39.838116405058315	49.90866245451233	19.704982501352244	27.70417844635401	27.01527107656056	32.37465309022103	40.50215441773294	26.69977127862196	2.0851527032212283	0.10411852258027915
NR4A1_344_356	7.356423761805132	8.424940607073305	8.069940850757225	8.11452697123221	5.044219079043979	8.00990651937894	7.576783468904678	8.099853457177833	7.991458047716968	7.182690631126357	1.069183137495679	0.3516797856533211
NTRK3_824_836	5.9984951661526384	6.506458046643163	5.729995155300496	5.657421184779703	4.068525911375704	6.1226062295527335	5.53647916499209	5.49496378814518	5.973092388219	5.305643773516427	1.3991259903519844	0.23233904063785818
P53_12_24	5.88613701852146	6.49251563328591	5.7460224702781835	5.661067450893943	4.0208277033757005	6.32888793537541	5.619172369968694	5.51895518110075	5.9464356432448735	5.371960797455138	1.1043117323534206	0.3331918612626092
P53_308_323	7.066684294061276	8.206211925338735	7.2016032817167135	7.448452553816194	4.855011248660777	7.867228831663796	6.882703735253709	7.040506452284837	7.48073801373323	6.66136256696578	1.190288171568934	0.30089362761711785
PDE5A_95_107	6.488568830464626	6.778359175790304	5.897798192622139	5.993267793993504	4.242919480123125	6.680202063447158	5.716649744443958	5.670321463349241	6.289498498217643	5.577523187840871	1.309959260267276	0.26035110529656924
PDPK1_27_39	5.214894657485016	5.601925927221136	5.043976920185807	4.9006158545674285	3.5771178607950733	5.43750149108246	4.891928808204471	4.841556510334033	5.190353339864847	4.687026167604009	1.192904172493111	0.30089365375821436
PLEK_106_118	32.84410362712599	32.605377289693706	29.207714897032034	30.814039734963252	22.94247125394206	26.42760207507362	26.08602148994244	29.40305901015488	31.367808887203743	26.21478845727825	3.279967812193181	0.02118294125783184
PLM_76_88	56.03601383580979	71.14091523621373	52.32817289677624	72.01269601478758	36.39085414552784	42.2159001948298	32.59679502959189	45.3941089569642	62.879449495896836	39.149414581728436	4.065802362359215	0.01080997603142224
PP2AB_297_309	6.1007673724670735	6.463237756334611	5.544340278085881	5.544282810925459	4.122198919380889	6.201392871904948	5.589761985127739	5.688642105273803	5.913157054453256	5.400498970421845	1.0245975881785343	0.35815011868954977
PPR1A_28_40	25.090872936700684	30.055179581675237	24.855365089186876	28.837681759280954	19.115084793740504	22.151819748014603	20.823062614686897	23.79917259494957	27.20977484171094	21.472284937847895	3.479213067930622	0.014781576795948222
PRKDC_2618_2630	7.5832013324389	8.025828357603423	7.005876187396407	7.222680315282406	4.979682403134943	7.7415825201401915	6.4055894953287575	6.711276948929854	7.459396548180284	6.459532841883436	1.6331732055601884	0.17961405564717053
PTK6_436_448	60.229309652910615	85.06478154010871	64.4511349581364	80.60253523184183	50.15355286155615	57.274809937415185	51.730044249564095	60.774131333150464	72.58694034574938	54.983134595421475	2.6962235358879343	0.05478265135541429
PTN12_32_44	190.28618330921194	307.47465006510663	229.67671038950093	234.2630953342799	144.05572070663814	205.8365891271357	183.05158963649396	197.43956553507192	240.42515977452484	182.59586625133494	2.0652146465279726	0.09722832987185828
PYGL_8_20	10.411511052680616	13.166870163401557	11.502392326938097	11.884281443207325	8.155047157242748	12.948839071747157	10.33743095839701	10.76940590528676	11.741263746556898	10.552680773168419	1.047110327467922	0.3448233291750219
RAB1A_187_199	7.463316362341223	8.33946383388078	6.963177797693675	7.363541507092304	4.999592719731351	8.059408564714543	6.601209704726853	6.94753911018201	7.532374875251995	6.651937524838689	1.265341104644311	0.27129129485831444
RADI_559_569	7.420456143298852	9.436846135199096	8.194001531337598	6.730024176359218	5.517458822093033	8.76369945390879	7.27086197108737	7.684812160093006	7.945331996548691	7.30920810179555	0.7146640706543815	0.5022460180365012
RAF1_253_265	8.338586607103398	9.385983051005779	7.835445575996155	8.464537470518714	5.5069356279833555	8.197994042564236	7.231527209218211	7.637058883985063	8.50613817615601	7.143378940937716	2.0514455010531694	0.09908845801956348
RAP1B_172_184	19.444517681013778	27.739875748602277	17.515385706412403	20.909901698982573	12.283174484527507	17.085588550007024	14.74594419864374	15.294981239654538	21.40242020875276	14.852422118208203	2.6900718632565623	0.052603590082818605
RBL2_632_644	5.382463892534556	5.735640480453355	5.029718512883907	5.154838072686581	3.73657640110209	5.641904486026359	4.982582739281741	5.045659037891949	5.3256652396396	4.851680666075534	1.104295679241177	0.33320781820918416
RBL2_655_667	9.16443297894015	8.971847296313301	8.550342190781747	8.340932196694105	5.716341333679813	8.257138521217236	7.758002354078017	8.429780696051314	8.756888665682325	7.540315726256595	1.8648156660190292	0.14477726956590384
RBL2_959_971	6.915351216601497	7.860727256830643	6.630200659084	6.861310155893342	4.859971424825214	7.544854867358521	6.15145216696663	6.461768780505622	7.0668973221023705	6.254511809913996	1.3193966991352886	0.2519083344926331
RB_242_254	6.990764163255308	7.788465592645835	7.084095629867585	7.185298562878154	4.752924734442161	7.562300491265051	6.510438099107956	6.888850407997131	7.262155987161721	6.428628433203075	1.3318750839005116	0.2622549076411789
RB_350_362	8.309658422288303	9.639418171961307	7.856213290827721	8.003994316292724	5.239064503242773	9.484889003441726	7.106718558456388	7.467523782452493	8.452321050342514	7.324548961898345	1.174184097674568	0.30186560408967805
RB_774_786	8.517961694746987	9.251044577335735	7.873762146028719	8.492583824822383	5.486242219893334	9.90326885044649	7.485607813922315	7.568632412993207	8.533838060733455	7.610937824313837	0.9755971948255054	0.3905123180393117
RB_803_815	7.235749971031956	7.822048436675774	7.389033068995541	7.3064165766091	4.865260617779301	7.885821750409124	6.966310400175316	7.3094422615468595	7.438312013328093	6.75670875747765	1.0151318949373822	0.37975451129342586
REL_260_272	118.00457495525811	153.65973734684172	105.8645712241969	118.75150442721973	82.69680096614316	88.68588646286223	75.61542003424117	92.44544331698259	124.0700969883791	84.86088769505729	3.5862948231220173	0.025640068932013045
RS6_228_240	179.44467799783652	233.91225779142357	199.1245231353983	199.55195716473682	135.62480174551806	169.6684003871121	150.57759939509373	169.1089640006744	203.0083540223488	156.24494138209957	3.348575612915381	0.017800866311433825
RYR1_4317_4329	72.69691748200121	92.91548214198173	77.09103412707982	86.32569955482664	56.23515734391365	60.95207839060569	52.28296244770973	64.41148944897556	82.25728332647235	58.47042190780115	4.515661328127375	0.006841249279543776
SCN7A_898_910	162.6552800240281	234.8516577851003	184.84192597094182	185.68468886999815	120.80519021006332	165.7078484185308	148.36221159790915	161.41178224412653	192.0083881625171	149.07175811765745	2.346743978032888	0.06371938604606071
SRC8_CHICK_423_435	8.004061671898754	9.87042296678226	8.416821623706538	8.346030200799905	5.875729340485832	8.465611675132655	7.316387090202162	7.938175506564617	8.659334115796863	7.398975903096316	1.8115379167332624	0.12423976386699646
SRC_413_425	8.377481953634339	9.465044536417283	8.160096129609927	8.644988063565556	6.00187603318286	9.066911218596635	7.438922793050087	7.704429785495521	8.661902670806777	7.553034957581276	1.6072396030353562	0.1800741015563909
STK6_283_295	117.67772556448584	185.01718161603534	133.9352981238056	124.59289870002779	104.53662990426439	124.80895242730966	124.05413256529506	120.708001747291	140.30577600108865	118.52692916104003	1.361817470305817	0.2527479907495954
STMN2_90_102	87.6693191847542	107.47191769907185	73.72401166461022	94.5515413803037	55.68369176998178	60.47196847904437	52.33151213854748	64.76965384225942	90.85419748218499	58.31420655745826	4.314929368519742	0.013348837028352345
TAU_524_536	7.783752691505774	9.043038548154032	7.930185501150282	7.90912125935938	5.222218093314778	9.14429888580013	7.110361975610903	7.4819774060204365	8.166524500042367	7.2397140901865615	1.0816632646809552	0.3434270334221059
TLE2_246_258	8.373832539528347	9.531341729435123	8.371174173305835	8.754952125406602	5.872362718254241	9.523960872658984	7.592580666500435	7.967855115381123	8.757825141918977	7.739189843198695	1.2766632202175312	0.2744610314525636
TOP2A_1463_1475	231.57656926216868	384.86206054687653	317.1266276041665	330.2424316406266	190.74455601534382	227.19313850677273	227.18104037277993	289.2176310221347	315.95192226345955	233.58409147925778	2.1828986332371056	0.0794938058789693
TY3H_65_77	235.40051489082214	396.82336425781335	321.71720377604	348.8110758463532	176.12536577183567	300.1988932291667	228.53770040608174	299.5434163411432	325.6880396927572	251.1013439370568	1.645665169828156	0.15160661363855354
VASP_150_162	223.84678682835008	379.97428385416674	313.87723795573004	346.7740885416667	168.42994130086547	227.2192136915467	215.54514625604196	235.35643389585192	316.1180992949784	211.6376837860765	2.84149629440009	0.04488306247260859
VASP_232_244	9.184093905540152	10.453107332643839	9.567719865095887	9.518281097656782	6.2559542306790945	12.268204518271789	8.859547226139739	9.85906607816294	9.680800550234165	9.31069301331339	0.2905977160867271	0.788756765851071
VASP_271_283	30.05464207703436	33.565885977759585	26.97860184137184	31.141880010254585	21.895053427890133	23.569346082841356	21.077716927296464	24.594827464063098	30.435252476605093	22.784235975522762	4.839655427719936	0.005180922579626567
VIGLN_289_301	6.238060692128446	6.943483126688067	6.0263494467450744	6.380887875471143	4.589581217545794	7.370104594173733	5.652853716509273	6.019017688310157	6.397195285258182	5.90788930413474	0.8066930044488803	0.4685983903050088
VTNC_390_402	205.04827441757578	328.7920328776067	295.2826741536467	232.28866555193343	162.31230942979977	220.3989705696379	216.36057243072716	225.57995210277127	265.35291175019063	206.16295113323403	1.8520419420065826	0.1295248851713546
YAP1_121_133	6.699117012506457	7.71047005312722	6.610840275987206	6.710246007454802	4.998807969969188	7.639601214905173	6.155479397171428	6.564769742834203	6.932668337268922	6.339664581219997	0.9809987880478108	0.37853879449608074
pTY3H_64_78	121.14292071354447	191.07550224468852	182.07927281221882	175.47246524069837	139.3557936853642	176.16034111187616	163.5344036294406	179.27024347319056	167.44254025278755	164.58019547496787	0.1574050666498041	0.88134324849355306
pVASP_150_164	164.08385132714173	235.03741894179979	309.56368001301996	287.97723388671994	192.82070461794657	289.5226033528666	235.9627408912718	297.1449381510399	249.16554604217035	253.86274675328121	-0.11568297560948579	0.9119508153888483
pos1	47.241225910849515	40.289609978718524	44.50661965034959	42.94823803095484	44.905032347001736	43.4718255879471	47.9801759514265	44.76322243529262	43.746423392718114	45.28006408041699	-0.8812195078553265	0.4171708786178649
pos2	49.11593984865196	40.85031975821434	46.15002295967944	45.031732656729346	44.08669425220855	43.87336298447976	49.411231642586735	46.77836970715479	45.28700380581877	46.03741464660746	-0.3486985288561215	0.7400353606001695
pos3	48.56825663846774	42.80166938329121	47.16162298852577	45.7553749050492	45.604379903690386	46.51419309326921	49.87129287814875	47.20422854509325	46.07173097883348	47.2985236050504	-0.7984722110624711	0.45741147168429497
pos4	49.73288105227788	42.676335315578704	47.78095631520431	47.29344411306623	46.21676192631094	45.783156389011864	50.72862197166459	48.92892971749023	46.870904199031784	47.9143675011194	-0.5501741692294755	0.6031799414762392
pos5	41.04385446656872	34.968771734191876	43.1262077767858	41.506856228182656	43.07804030053621	39.06828220298792	43.7296869361887	42.776048753725924	40.16142255143226	42.16301454835969	-0.9653715682460455	0.37997583346905683
pos6	39.3840400047446	34.862392371847356	44.19884860543206	42.790774675862416	42.86679503676858	39.930969714014125	42.859729967333195	42.81690386104941	40.309013914471606	42.11859964479133	-0.8217354713111193	0.46051945238313197
pos7	37.75069712522142	35.40666794891604	44.347363198608534	42.52285799766936	42.225528422766345	39.74350141956487	43.1756311005797	43.04906244650056	40.00689656760384	42.04843084735287	-0.9204090845184665	0.41107738165614804
pos8	42.772220988760495	38.30111238448021	46.66040040693586	44.55926628663294	44.469511569342835	42.499340710486216	46.05296132128318	45.71943965485755	43.073250016702374	44.685313313992445	-0.8260229688566262	0.45334866252065614
